
2025-12-27T16:43:41.884212
  spell_validation: 0.035s
  item_validation: 0.033s
  reference_validation: 0.043s
  Total: 0.110s

2025-12-27T16:46:33.374504
  spell_validation: 0.039s
  item_validation: 0.035s
  reference_validation: 0.047s
  Total: 0.121s

2025-12-29T23:22:27.671257
  spell_validation: 0.036s
  item_validation: 0.033s
  reference_validation: 0.044s
  Total: 0.113s
